20250105091500
20250311064500
20250327100000
20250424213000
20250429110000
20250503003000
20250506134500
20250612181500
20250612183000
20250612184500
20250612190000
20250612191500
20250612193000
20250612194500
20250612200000
20250612201500
20250614180000
20250614181500
20250614183000
20250614184500
20250614190000
20250614191500
20250614193000
20250614194500
20250614200000
20250614201500
20250614203000
20250614204500
20250614210000
20250614211500
20250614213000
20250614214500
20250614220000
20250614221500
20250614223000
20250614224500
20250614230000
20250614231500
20250614233000
20250614234500
20250615000000
20250615001500
20250615003000
20250615004500
20250615010000
20250615011500
20250615013000
20250615014500
20250615020000
20250615021500
20250615023000
20250615024500
20250615030000
20250615031500
20250615033000
20250615034500
20250615040000
20250615041500
20250615043000
20250615044500
20250615050000
20250615051500
20250615053000
20250615054500
20250615060000
20250615061500
20250615063000
20250615064500
20250615070000
20250615071500
20250615073000
20250615074500
20250615080000
20250615081500
20250615083000
20250615084500
20250615090000
20250615091500
20250615093000
20250615094500
20250615100000
20250615101500
20250615103000
20250615104500
20250615110000
20250615111500
20250615113000
20250615114500
20250615120000
20250615121500
20250615123000
20250615124500
20250615130000
20250615131500
20250615133000
20250615134500
20250615140000
20250615141500
20250615143000
20250615144500
20250615150000
20250615151500
20250615153000
20250615154500
20250615160000
20250615161500
20250615163000
20250615164500
20250615170000
20250615171500
20250615173000
20250615174500
20250615180000
20250615181500
20250615183000
20250615184500
20250615190000
20250615191500
20250615193000
20250615194500
20250615200000
20250615201500
20250615203000
20250615204500
20250615210000
20250615211500
20250615213000
20250615214500
20250615220000
20250615221500
20250615223000
20250615224500
20250615230000
20250615231500
20250615233000
20250615234500
20250616000000
20250616001500
20250616003000
20250616004500
20250616010000
20250616011500
20250616013000
20250616014500
20250616020000
20250616021500
20250616023000
20250616024500
20250616030000
20250616031500
20250616033000
20250616034500
20250616040000
20250616041500
20250616043000
20250616044500
20250616050000
20250616051500
20250616053000
20250616054500
20250616060000
20250616061500
20250616063000
20250616064500
20250616070000
20250616071500
20250616073000
20250616074500
20250616080000
20250616081500
20250616083000
20250616084500
20250616090000
20250616091500
20250616093000
20250616094500
20250616100000
20250616101500
20250616103000
20250616104500
20250616110000
20250616111500
20250616113000
20250616114500
20250616120000
20250616121500
20250616123000
20250616124500
20250616130000
20250616131500
20250616133000
20250616134500
20250616140000
20250616141500
20250616143000
20250616144500
20250616150000
20250616151500
20250616153000
20250616154500
20250616160000
20250616161500
20250616163000
20250616164500
20250616170000
20250616171500
20250616173000
20250616174500
20250616180000
20250616181500
20250616183000
20250616184500
20250616190000
20250616191500
20250616193000
20250616194500
20250616200000
20250616201500
20250616203000
20250616204500
20250616210000
20250616211500
20250616213000
20250616214500
20250616220000
20250616221500
20250616223000
20250616224500
20250616230000
20250616231500
20250616233000
20250616234500
20250617000000
20250617001500
20250617003000
20250617004500
20250617010000
20250617011500
20250617013000
20250617014500
20250617020000
20250617021500
20250617023000
20250617024500
20250617030000
20250617031500
20250617033000
20250617034500
20250617040000
20250617041500
20250617043000
20250617044500
20250617050000
20250617051500
20250617053000
20250617054500
20250617060000
20250617061500
20250617063000
20250617064500
20250617070000
20250617071500
20250617073000
20250617074500
20250617080000
20250617081500
20250617083000
20250617084500
20250617090000
20250617091500
20250617093000
20250617094500
20250617100000
20250617101500
20250617103000
20250617104500
20250617110000
20250617111500
20250617113000
20250617114500
20250617120000
20250617121500
20250617123000
20250617124500
20250617130000
20250617131500
20250617133000
20250617134500
20250617140000
20250617141500
20250617143000
20250617144500
20250617150000
20250617151500
20250617153000
20250617154500
20250617160000
20250617161500
20250617163000
20250617164500
20250617170000
20250617171500
20250617173000
20250617174500
20250617180000
20250617181500
20250617183000
20250617184500
20250617190000
20250617191500
20250617193000
20250617194500
20250617200000
20250617201500
20250617203000
20250617204500
20250617210000
20250617211500
20250617213000
20250617214500
20250617220000
20250617221500
20250617223000
20250617224500
20250617230000
20250617231500
20250617233000
20250617234500
20250618000000
20250618001500
20250618003000
20250618004500
20250618010000
20250618011500
20250618013000
20250618014500
20250618020000
20250618021500
20250618023000
20250618024500
20250618030000
20250618031500
20250618033000
20250618034500
20250618040000
20250618041500
20250618043000
20250618044500
20250618050000
20250618051500
20250618053000
20250618054500
20250618060000
20250618061500
20250618063000
20250618064500
20250618070000
20250618071500
20250618073000
20250618074500
20250618080000
20250618081500
20250618083000
20250618084500
20250618090000
20250618091500
20250618093000
20250618094500
20250618100000
20250618101500
20250618103000
20250618104500
20250618110000
20250618111500
20250618113000
20250618114500
20250618120000
20250618121500
20250618123000
20250618124500
20250618130000
20250618131500
20250618133000
20250618134500
20250618140000
20250618141500
20250618143000
20250618144500
20250618150000
20250618151500
20250618153000
20250618154500
20250618160000
20250618161500
20250618163000
20250618164500
20250618170000
20250618171500
20250618173000
20250618174500
20250618180000
20250618181500
20250618183000
20250618184500
20250618190000
20250618191500
20250618193000
20250618194500
20250618200000
20250618201500
20250618203000
20250618204500
20250618210000
20250618211500
20250618213000
20250618214500
20250618220000
20250618221500
20250618223000
20250618224500
20250618230000
20250618231500
20250618233000
20250618234500
20250619000000
20250619001500
20250619003000
20250619004500
20250619010000
20250619011500
20250619013000
20250619014500
20250619020000
20250619021500
20250619023000
20250619024500
20250619030000
20250619031500
20250619033000
20250619034500
20250619040000
20250619041500
20250619043000
20250619044500
20250619050000
20250619051500
20250619053000
20250619054500
20250619060000
20250619061500
20250619063000
20250619064500
20250619070000
20250619071500
20250619073000
20250619074500
20250619080000
20250619081500
20250619083000
20250619084500
20250619090000
20250619091500
20250619093000
20250619094500
20250619100000
20250619101500
20250619103000
20250619104500
20250619110000
20250619111500
20250619113000
20250619114500
20250619120000
20250619121500
20250619123000
20250619124500
20250619130000
20250619131500
20250619133000
20250619134500
20250619140000
20250619141500
20250619143000
20250619144500
20250619150000
20250619151500
20250619153000
20250619154500
20250619160000
20250619161500
20250619163000
20250619164500
20250619170000
20250619171500
20250619173000
20250619174500
20250619180000
20250619181500
20250619183000
20250619184500
20250619190000
20250619191500
20250619193000
20250619194500
20250619200000
20250619201500
20250619203000
20250619204500
20250619210000
20250619211500
20250619213000
20250619214500
20250619220000
20250619221500
20250619223000
20250619224500
20250619230000
20250619231500
20250619233000
20250619234500
20250620000000
20250620001500
20250620003000
20250620004500
20250620010000
20250620011500
20250620013000
20250620014500
20250620020000
20250620021500
20250620023000
20250620024500
20250620030000
20250620031500
20250620033000
20250620034500
20250620040000
20250620041500
20250620043000
20250620044500
20250620050000
20250620051500
20250620053000
20250620054500
20250620060000
20250620061500
20250620063000
20250620064500
20250620070000
20250620071500
20250620073000
20250620074500
20250620080000
20250620081500
20250620083000
20250620084500
20250620090000
20250620091500
20250620093000
20250620094500
20250620100000
20250620101500
20250620103000
20250620104500
20250620110000
20250620111500
20250620113000
20250620114500
20250620120000
20250620121500
20250620123000
20250620124500
20250620130000
20250620131500
20250620133000
20250620134500
20250620140000
20250620141500
20250620143000
20250620144500
20250620150000
20250620151500
20250620153000
20250620154500
20250620160000
20250620161500
20250620163000
20250620164500
20250620170000
20250620171500
20250620173000
20250620174500
20250620180000
20250620181500
20250620183000
20250620184500
20250620190000
20250620191500
20250620193000
20250620194500
20250620200000
20250620201500
20250620203000
20250620204500
20250620210000
20250620211500
20250620213000
20250620214500
20250620220000
20250620221500
20250620223000
20250620224500
20250620230000
20250620231500
20250620233000
20250620234500
20250621000000
20250621001500
20250621003000
20250621004500
20250621010000
20250621011500
20250621013000
20250621014500
20250621020000
20250621021500
20250621023000
20250621024500
20250621030000
20250621031500
20250621033000
20250621034500
20250621040000
20250621041500
20250621043000
20250621044500
20250621050000
20250621051500
20250621053000
20250621054500
20250621060000
20250621061500
20250621063000
20250621064500
20250621070000
20250621071500
20250621073000
20250621074500
20250621080000
20250621081500
20250621083000
20250621084500
20250621090000
20250621091500
20250621093000
20250621094500
20250621100000
20250621101500
20250621103000
20250621104500
20250621110000
20250621111500
20250621113000
20250621114500
20250621120000
20250621121500
20250621123000
20250621124500
20250621130000
20250621131500
20250621133000
20250621134500
20250621140000
20250621141500
20250621143000
20250621144500
20250621150000
20250621151500
20250621153000
20250621154500
20250621160000
20250621161500
20250621163000
20250621164500
20250621170000
20250621171500
20250621173000
20250621174500
20250621180000
20250621181500
20250621183000
20250621184500
20250621190000
20250621191500
20250621193000
20250621194500
20250621200000
20250621201500
20250621203000
20250621204500
20250621210000
20250621211500
20250621213000
20250621214500
20250621220000
20250621221500
20250621223000
20250621224500
20250621230000
20250621231500
20250621233000
20250621234500
20250622000000
20250622001500
20250622003000
20250622004500
20250622010000
20250622011500
20250622013000
20250622014500
20250622020000
20250622021500
20250622023000
20250622024500
20250622030000
20250622031500
20250622033000
20250622034500
20250622040000
20250622041500
20250622043000
20250622044500
20250622050000
20250622051500
20250622053000
20250622054500
20250622060000
20250622061500
20250622063000
20250622064500
20250622070000
20250622071500
20250622073000
20250622074500
20250622080000
20250622081500
20250622083000
20250622084500
20250622090000
20250622091500
20250622093000
20250622094500
20250622100000
20250622101500
20250622103000
20250622104500
20250622110000
20250622111500
20250622113000
20250622114500
20250622120000
20250622121500
20250622123000
20250622124500
20250622130000
20250622131500
20250622133000
20250622134500
20250622140000
20250622141500
20250622143000
20250622144500
20250622150000
20250622151500
20250622153000
20250622154500
20250622160000
20250622161500
20250622163000
20250622164500
20250622170000
20250622171500
20250622173000
20250622174500
20250622180000
20250622181500
20250622183000
20250622184500
20250622190000
20250622191500
20250622193000
20250622194500
20250622200000
20250622201500
20250622203000
20250622204500
20250622210000
20250622211500
20250622213000
20250622214500
20250622220000
20250622221500
20250622223000
20250622224500
20250622230000
20250622231500
20250622233000
20250622234500
20250623000000
20250623001500
20250623003000
20250623004500
20250623010000
20250623011500
20250623013000
20250623014500
20250623020000
20250623021500
20250623023000
20250623024500
20250623030000
20250623031500
20250623033000
20250623034500
20250623040000
20250623041500
20250623043000
20250623044500
20250623050000
20250623051500
20250623053000
20250623054500
20250623060000
20250623061500
20250623063000
20250623064500
20250623070000
20250623071500
20250623073000
20250623074500
20250623080000
20250623081500
20250623083000
20250623084500
20250623090000
20250623091500
20250623093000
20250623094500
20250623100000
20250623101500
20250623103000
20250623104500
20250623110000
20250623111500
20250623113000
20250623114500
20250623120000
20250623121500
20250623123000
20250623124500
20250623130000
20250623131500
20250623133000
20250623134500
20250623140000
20250623141500
20250623143000
20250623144500
20250623150000
20250623151500
20250623153000
20250623154500
20250623160000
20250623161500
20250623163000
20250623164500
20250623170000
20250623171500
20250623173000
20250623174500
20250623180000
20250623181500
20250623183000
20250623184500
20250623190000
20250623191500
20250623193000
20250623194500
20250623200000
20250623201500
20250623203000
20250623204500
20250623210000
20250623211500
20250623213000
20250623214500
20250623220000
20250623221500
20250623223000
20250623224500
20250623230000
20250623231500
20250623233000
20250623234500
20250624000000
20250624001500
20250624003000
20250624004500
20250624010000
20250624011500
20250624013000
20250624014500
20250624020000
20250624021500
20250624023000
20250624024500
20250624030000
20250624031500
20250624033000
20250624034500
20250624040000
20250624041500
20250624043000
20250624044500
20250624050000
20250624051500
20250624053000
20250624054500
20250624060000
20250624061500
20250624063000
20250624064500
20250624070000
20250624071500
20250624073000
20250624074500
20250624080000
20250624081500
20250624083000
20250624084500
20250624090000
20250624091500
20250624093000
20250624094500
20250624100000
20250624101500
20250624103000
20250624104500
20250624110000
20250624111500
20250624113000
20250624114500
20250624120000
20250624121500
20250624123000
20250624124500
20250624130000
20250624131500
20250624133000
20250624134500
20250624140000
20250624141500
20250624143000
20250624144500
20250624150000
20250624151500
20250624153000
20250624154500
20250624160000
20250624161500
20250624163000
20250624164500
20250624170000
20250624171500
20250624173000
20250624174500
20250624180000
20250624181500
20250624183000
20250624184500
20250624190000
20250624191500
20250624193000
20250624194500
20250624200000
20250624201500
20250624203000
20250624204500
20250624210000
20250624211500
20250624213000
20250624214500
20250624220000
20250624221500
20250624223000
20250624224500
20250624230000
20250624231500
20250624233000
20250624234500
20250625000000
20250625001500
20250625003000
20250625004500
20250625010000
20250625011500
20250625013000
20250625014500
20250625020000
20250625021500
20250625023000
20250625024500
20250625030000
20250625031500
20250625033000
20250625034500
20250625040000
20250625041500
20250625043000
20250625044500
20250625050000
20250625051500
20250625053000
20250625054500
20250625060000
20250625061500
20250625063000
20250625064500
20250625070000
20250625071500
20250625073000
20250625074500
20250625080000
20250625081500
20250625083000
20250625084500
20250625090000
20250625091500
20250625093000
20250625094500
20250625100000
20250625101500
20250625103000
20250625104500
20250625110000
20250625111500
20250625113000
20250625114500
20250625120000
20250625121500
20250625123000
20250625124500
20250625130000
20250625131500
20250625133000
20250625134500
20250625140000
20250625141500
20250625143000
20250625144500
20250625150000
20250625151500
20250625153000
20250625154500
20250625160000
20250625161500
20250625163000
20250625164500
20250625170000
20250625171500
20250625173000
20250625174500
20250625180000
20250625181500
20250625183000
20250625184500
20250625190000
20250625191500
20250625193000
20250625194500
20250625200000
20250625201500
20250625203000
20250625204500
20250625210000
20250625211500
20250625213000
20250625214500
20250625220000
20250625221500
20250625223000
20250625224500
20250625230000
20250625231500
20250625233000
20250625234500
20250626000000
20250626001500
20250626003000
20250626004500
20250626010000
20250626011500
20250626013000
20250626014500
20250626020000
20250626021500
20250626023000
20250626024500
20250626030000
20250626031500
20250626033000
20250626034500
20250626040000
20250626041500
20250626043000
20250626044500
20250626050000
20250626051500
20250626053000
20250626054500
20250626060000
20250626061500
20250626063000
20250626064500
20250626070000
20250626071500
20250626073000
20250626074500
20250626080000
20250626081500
20250626083000
20250626084500
20250626090000
20250626091500
20250626093000
20250626094500
20250626100000
20250626101500
20250626103000
20250626104500
20250626110000
20250626111500
20250626113000
20250626114500
20250626120000
20250626121500
20250626123000
20250626124500
20250626130000
20250626131500
20250626133000
20250626134500
20250626140000
20250626141500
20250626143000
20250626144500
20250626150000
20250626151500
20250626153000
20250626154500
20250626160000
20250626161500
20250626163000
20250626164500
20250626170000
20250626171500
20250626173000
20250626174500
20250626180000
20250626181500
20250626183000
20250626184500
20250626190000
20250626191500
20250626193000
20250626194500
20250626200000
20250626201500
20250626203000
20250626204500
20250626210000
20250626211500
20250626213000
20250626214500
20250626220000
20250626221500
20250626223000
20250626224500
20250626230000
20250626231500
20250626233000
20250626234500
20250627000000
20250627001500
20250627003000
20250627004500
20250627010000
20250627011500
20250627013000
20250627014500
20250627020000
20250627021500
20250627023000
20250627024500
20250627030000
20250627031500
20250627033000
20250627034500
20250627040000
20250627041500
20250627043000
20250627044500
20250627050000
20250627051500
20250627053000
20250627054500
20250627060000
20250627061500
20250627063000
20250627064500
20250627070000
20250627071500
20250627073000
20250627074500
20250627080000
20250627081500
20250627083000
20250627084500
20250627090000
20250627091500
20250627093000
20250627094500
20250627100000
20250627101500
20250627103000
20250627104500
20250627110000
20250627111500
20250627113000
20250627114500
20250627120000
20250627121500
20250627123000
20250627124500
20250627130000
20250627131500
20250627133000
20250627134500
20250627140000
20250627141500
20250627143000
20250627144500
20250627150000
20250627151500
20250627153000
20250627154500
20250627160000
20250627161500
20250627163000
20250627164500
20250627170000
20250627171500
20250627173000
20250627174500
20250627180000
20250627181500
20250627183000
20250627184500
20250627190000
20250627191500
20250627193000
20250627194500
20250627200000
20250627201500
20250627203000
20250627204500
20250627210000
20250627211500
20250627213000
20250627214500
20250627220000
20250627221500
20250627223000
20250627224500
20250627230000
20250627231500
20250627233000
20250627234500
20250628000000
20250628001500
20250628003000
20250628004500
20250628010000
20250628011500
20250628013000
20250628014500
20250628020000
20250628021500
20250628023000
20250628024500
20250628030000
20250628031500
20250628033000
20250628034500
20250628040000
20250628041500
20250628043000
20250628044500
20250628050000
20250628051500
20250628053000
20250628054500
20250628060000
20250628061500
20250628063000
20250628064500
20250628070000
20250628071500
20250628073000
20250628074500
20250628080000
20250628081500
20250628083000
20250628084500
20250628090000
20250628091500
20250628093000
20250628094500
20250628100000
20250628101500
20250628103000
20250628104500
20250628110000
20250628111500
20250628113000
20250628114500
20250628120000
20250628121500
20250628123000
20250628124500
20250628130000
20250628131500
20250628133000
20250628134500
20250628140000
20250628141500
20250628143000
20250628144500
20250628150000
20250628151500
20250628153000
20250628154500
20250628160000
20250628161500
20250628163000
20250628164500
20250628170000
20250628171500
20250628173000
20250628174500
20250628180000
20250628181500
20250628183000
20250628184500
20250628190000
20250628191500
20250628193000
20250628194500
20250628200000
20250628201500
20250628203000
20250628204500
20250628210000
20250628211500
20250628213000
20250628214500
20250628220000
20250628221500
20250628223000
20250628224500
20250628230000
20250628231500
20250628233000
20250628234500
20250629000000
20250629001500
20250629003000
20250629004500
20250629010000
20250629011500
20250629013000
20250629014500
20250629020000
20250629021500
20250629023000
20250629024500
20250629030000
20250629031500
20250629033000
20250629034500
20250629040000
20250629041500
20250629043000
20250629044500
20250629050000
20250629051500
20250629053000
20250629054500
20250629060000
20250629061500
20250629063000
20250629064500
20250629070000
20250629071500
20250629073000
20250629074500
20250629080000
20250629081500
20250629083000
20250629084500
20250629090000
20250629091500
20250629093000
20250629094500
20250629100000
20250629101500
20250629103000
20250629104500
20250629110000
20250629111500
20250629113000
20250629114500
20250629120000
20250629121500
20250629123000
20250629124500
20250629130000
20250629131500
20250629133000
20250629134500
20250629140000
20250629141500
20250629143000
20250629144500
20250629150000
20250629151500
20250629153000
20250629154500
20250629160000
20250629161500
20250629163000
20250629164500
20250629170000
20250629171500
20250629173000
20250629174500
20250629180000
20250629181500
20250629183000
20250629184500
20250629190000
20250629191500
20250629193000
20250629194500
20250629200000
20250629201500
20250629203000
20250629204500
20250629210000
20250629211500
20250629213000
20250629214500
20250629220000
20250629221500
20250629223000
20250629224500
20250629230000
20250629231500
20250629233000
20250629234500
20250630000000
20250630001500
20250630003000
20250630004500
20250630010000
20250630011500
20250630013000
20250630014500
20250630020000
20250630021500
20250630023000
20250630024500
20250630030000
20250630031500
20250630033000
20250630034500
20250630040000
20250630041500
20250630043000
20250630044500
20250630050000
20250630051500
20250630053000
20250630054500
20250630060000
20250630061500
20250630063000
20250630064500
20250630070000
20250630071500
20250630073000
20250630074500
20250630080000
20250630081500
20250630083000
20250630084500
20250630090000
20250630091500
20250630093000
20250630094500
20250630100000
20250630101500
20250630103000
20250630104500
20250630110000
20250630111500
20250630113000
20250630114500
20250630120000
20250630121500
20250630123000
20250630124500
20250630130000
20250630131500
20250630133000
20250630134500
20250630140000
20250630141500
20250630143000
20250630144500
20250630150000
20250630151500
20250630153000
20250630154500
20250630160000
20250630161500
20250630163000
20250630164500
20250630170000
20250630171500
20250630173000
20250630174500
20250630180000
20250630181500
20250630183000
20250630184500
20250630190000
20250630191500
20250630193000
20250630194500
20250630200000
20250630201500
20250630203000
20250630204500
20250630210000
20250630211500
20250630213000
20250630214500
20250630220000
20250630221500
20250630223000
20250630224500
20250630230000
20250630231500
20250630233000
20250630234500
20250701000000
20250701001500
20250701003000
20250701004500
20250701010000
20250701011500
20250701013000
20250701014500
20250701020000
20250701021500
20250701023000
20250701024500
20250701030000
20250701031500
20250701033000
20250701034500
20250701040000
20250701041500
20250701043000
20250701044500
20250701050000
20250701051500
20250701053000
20250701054500
20250701060000
20250701061500
20250701063000
20250701064500
20250701070000
20250701071500
20250701073000
20250701074500
20250701080000
20250701081500
20250701083000
20250701084500
20250701090000
20250701091500
20250701093000
20250701094500
20250701100000
20250701101500
20250701103000
20250701104500
20250701110000
20250701111500
20250701113000
20250701114500
20250701120000
20250701121500
20250701123000
20250701124500
20250701130000
20250701131500
20250701133000
20250701134500
20250701140000
20250701141500
20250701143000
20250701144500
20250701150000
20250701151500
20250701153000
20250701154500
20250701160000
20250701161500
20250701163000
20250701164500
20250701170000
20250701171500
20250701173000
20250701174500
20250701180000
20250701181500
20250701183000
20250701184500
20250701190000
20250701191500
20250701193000
20250701194500
20250701200000
20250701201500
20250701203000
20250701204500
20250701210000
20250701211500
20250701213000
20250701214500
20250701220000
20250701221500
20250701223000
20250701224500
20250701230000
20250701231500
20250701233000
20250701234500
20250702000000
20250702001500
20250702003000
20250702004500
20250702010000
20250702011500
20250702013000
20250702014500
20250702020000
